1,0,0,0,480,360         //main rect
2,1,0,99,95,85 		    //upleft
2,2,95,87,70,96  	    //up
2,3,166,99,85,85	    //upright
2,4,0,184,130,67   	    //left
2,5,130,184,130,67	    //right
2,6,0,251,95,85    	    //downleft
2,7,95,251,71,96	    //down
2,8,166,251,85,85	    //downright
3,2,355,195,115,115	    //A
3,3,255,230,115,115     //B
3,1,255,130,115,115	    //C
3,0,355,95,115,115	    //D
//3,4,0,0,1,1 		    //E
//3,5,0,0,1,1		    //F
3,6,120,20,117,58       //exit
3,7,245,20,117,58	    //option
3,9,0,20,117,58		    //coin
3,8,360,20,117,58  	    //start
4,0,25,115,200,200      //DPAD img
5,2,360,195,115,115     //A img
5,3,250,230,115,115     //B img
5,1,250,115,115,115     //C img
5,0,360,80,115,115      //D img
5,4,0,0,0,0 		    //E img
5,5,0,0,0,0 		    //F img
5,6,120,20,117,58       //exit img
5,7,245,20,117,58       //option img
5,9,0,20,117,58    	    //coin img
5,8,360,20,117,58       //start img
8,0,25,115,200,200      //analog stick area
7,255
