1,0,0,0,480,800         //main rect
2,1,0,539,95,85 		//upleft
2,2,95,527,70,96  	    //up
2,3,166,539,85,85	    //upright
2,4,0,624,130,67   	    //left
2,5,130,624,130,67	    //right
2,6,0,691,95,85    	    //downleft
2,7,95,691,71,96	    //down
2,8,166,691,85,85	    //downright
3,2,360,635,115,115	    //A
3,3,260,670,115,115     //B
3,1,260,570,115,115	    //C
3,0,360,505,115,115	    //D
3,4,0,245,115,115 		//E
3,5,360,245,115,115		//F
3,10,0,175,68,68        //G
3,11,407,175,68,68	    //H
3,6,0,375,117,58        //exit
3,7,360,375,117,58	    //option
3,9,0,435,117,58		//coin
3,8,360,435,117,58  	//start
4,0,25,555,200,200      //DPAD img
5,2,365,635,115,115     //A img
5,3,255,670,115,115     //B img
5,1,255,555,115,115     //C img
5,0,365,520,115,115     //D img
5,4,0,245,115,115 		//E img
5,5,360,245,115,115 	//F img
5,10,0,175,68,68        //G img
5,11,407,175,68,68	    //H img
5,6,0,375,117,58        //exit img
5,7,360,375,117,58      //option img
5,9,0,435,117,58    	//coin img
5,8,360,435,117,58      //start img
8,0,25,555,200,200      //analog stick area
7,150
