1,0,0,0,800,467     	//main rect
2,1,30,129,95,85 		//upleft
2,2,125,117,70,96  		//up
2,3,196,129,85,85		//upright
2,4,30,214,130,67   	//left
2,5,160,214,130,67		//right
2,6,30,281,95,85    	//downleft
2,7,125,281,71,96		//down
2,8,196,281,85,85		//downright
3,2,690,180,115,115		//A
3,3,610,270,115,115 	//B
3,1,535,180,115,115		//C
3,0,610,90,115,115		//D
3,4,460,270,115,115 	//E
3,5,535,355,115,115		//F
3,6,255,30,117,58   	//exit
3,7,430,30,117,58 		//option
3,9,85,30,117,58 		//coin
3,8,600,30,117,58 		//start
4,0,48,132,230,230  	//DPAD img
5,2,690,180,115,115 	//A img
5,3,610,270,115,115 	//B img
5,1,535,180,115,115 	//C img
5,0,610,90,115,115  	//D img
5,4,460,270,115,115 	//E img
5,5,535,355,115,115 	//F img
5,6,255,30,117,58   	//exit img
5,7,430,30,117,58   	//option img
5,9,85,30,117,58    	//coin img
5,8,600,30,117,58   	//start img
8,0,48,132,230,230  	//analog stick area
7,255
