1,0,0,0,800, 1232       //main rect
2,1,30,984,95,85 		//upleft
2,2,125,972,70,96  		//up
2,3,196,984,85,85		//upright
2,4,30,1069,130,67   	//left
2,5,160,1069,130,67		//right
2,6,30,1136,95,85    	//downleft
2,7,125,1136,71,96		//down
2,8,196,1136,85,85		//downright
3,2,690,945,115,115		//A
3,3,610,1035,115,115 	//B
3,1,535,945,115,115		//C
3,0,610,855,115,115		//D
3,4,460,1035,115,115 	//E
3,5,535,1120,115,115	//F
3,10,0,810,68,68        //G
3,11,732,810,68,68	    //H
3,6,0,680,117,58   	    //exit
3,7,685,680,117,58 		//option
3,9,0,750,117,58 		//start
3,8,685,750,117,58 		//coin
4,0,45,987,230,230  	//DPAD img
5,2,690,945,115,115 	//A img
5,3,610,1035,115,115 	//B img
5,1,535,945,115,115 	//C img
5,0,610,855,115,115  	//D img
5,4,460,1035,115,115 	//E img
5,5,535,1120,115,115 	//F img
5,10,0,810,68,68        //G img
5,11,732,810,68,68	    //H img
5,9,0,750,117,58    	//start img
5,8,685,750,117,58   	//coin img
5,6,0,680,117,58   		//exit img
5,7,685,680,117,58   	//option img
8,0,45,987,230,230  	//analog stick area
7,150
