1,0,0,0,1280,672  //720    	//main rect -> 1,9 -> 19/10
2,1,0,459,90,85 		//upleft
2,2,90,447,70,96  		//up
2,3,160,459,90,85		//upright
2,4,0,544,125,67   		//left
2,5,125,544,125,67		//right
2,6,0,611,90,85    	    //downleft
2,7,90,611,70,96		//down
2,8,160,611,90,85		//downright
3,2,1170,485,125,125 	//A
3,3,1075,580,125,125	//B
3,1,980,485,125,125 	//C
3,0,1075,390,125,125	//D
3,4,885,580,125,125     //E
3,5,1165,295,125,125	//F
3,10,20,180,70,70       //G
3,11,1190,180,70,70	    //H
3,6,0,0,117,58    		//exit
3,7,1163,0,117,58		//option
3,9,0,60,117,58  		//coin
3,8,1163,60,117,58 		//start
4,0,10,460,230,230  	//DPAD img
5,2,1175,490,115,115 	//A img
5,3,1080,585,115,115 	//B img
5,1,985,490,115,115 	//C img
5,0,1080,395,115,115  	//D img
5,4,900,585,115,115     //E img
5,5,1170,300,115,115 	//F img
5,10,20,180,70,70       //G img
5,11,1190,180,70,70     //H img
5,6,0,0,117,58        	//exit img
5,7,1163,0,117,58     	//option img
5,9,0,60,117,58       	//coin img
5,8,1163,60,117,58    	//start img
8,0,10,460,230,230  	//analog stick area
7,150
