1,0,0,0,1280,800    	//main rect -> 1,6 -> 5/3
2,1,0,559,90,85 		//upleft
2,2,90,547,70,96  		//up
2,3,160,559,90,85		//upright
2,4,0,644,125,67   		//left
2,5,125,644,125,67		//right
2,6,0,711,90,85    	    //downleft
2,7,90,711,70,96		//down
2,8,160,711,90,85		//downright
3,2,1170,585,125,125 	//A
3,3,1075,680,125,125	//B
3,1,980,585,125,125 	//C
3,0,1075,490,125,125	//D
3,4,885,680,125,125     //E
3,5,1165,395,125,125	//F
3,10,20,180,70,70       //G
3,11,1190,180,70,70	    //H
3,6,0,0,117,58    		//exit
3,7,1163,0,117,58		//option
3,9,0,60,117,58  		//coin
3,8,1163,60,117,58 		//start
4,0,10,560,230,230  	//DPAD img
5,2,1175,590,115,115 	//A img
5,3,1080,685,115,115 	//B img
5,1,985,590,115,115 	//C img
5,0,1080,495,115,115  	//D img
5,4,900,685,115,115     //E img
5,5,1170,400,115,115 	//F img
5,10,20,180,70,70       //G img
5,11,1190,180,70,70     //H img
5,6,0,0,117,58        	//exit img
5,7,1163,0,117,58     	//option img
5,9,0,60,117,58       	//coin img
5,8,1163,60,117,58    	//start img
8,0,10,560,230,230  	//analog stick area
7,150
